Dataset_name: 115u574_T80_p2_v2
Vehicles: 2
Routes
Route_0: 0,2,9,10,32,18,22,217,229,228,204,203,249,250,254,255,390,385,381,376,366,363,359,358,412,417,448,455,456,466,479,478,511,531,529,528,543,547,551,559,560,568,0
Route_1: 0,45,79,80,85,86,87,28,93,94,160,162,212,210,209,184,185,188,276,273,321,317,311,308,307,305,295,288,169,168,149,144,137,136,135,131,68,115,114,76,59,57,53,46,47,0
Profit: 24148
Time: 1108.3239431

Status: Feasible
BestBound: 28957
BestRestart: 10
RestartTime: 84.3889517
Iterations: 16971
IterationsTillBest: 6970
TimeOfMath: 77.853
Arguments: mls 80 2
