Dataset_name: 11berlin52_T100_p2_v2
Vehicles: 2
Routes
Route_0: 0,22,41,2,48,0
Route_1: 0,11,50,18,44,0
Profit: 2384
Time: 40.6827017

Status: Feasible
BestBound: 2608
BestRestart: 0
RestartTime: 17.6260049
Iterations: 10007
IterationsTillBest: 6
TimeOfMath: 17.442
Arguments: mls 100 1
