Dataset_name: 145u724_T100_p1_v4
Vehicles: 4
Routes
Route_0: 0,12,47,664,139,587,569,570,573,256,255,541,543,571,588,136,662,676,36,0
Route_1: 0,723,720,692,691,93,88,87,108,51,59,104,118,648,121,105,63,85,16,699,700,709,710,711,2,0
Route_2: 0,722,35,665,663,634,147,583,584,277,279,278,130,129,145,148,639,651,106,33,46,92,20,0
Route_3: 0,13,98,48,670,672,611,154,162,144,178,179,533,202,237,242,254,538,536,545,551,596,598,608,669,683,689,0
Profit: 436
Time: 643.8702686

Status: Feasible
BestBound: 723
BestRestart: 0
RestartTime: 37.131287
Iterations: 17056
IterationsTillBest: 6195
TimeOfMath: 23.042
Arguments: mls 100 1
