Dataset_name: 20kroA100_T100_p1_v4
Vehicles: 4
Routes
Route_0: 0,62,9,35,0
Route_1: 0,60,92,0
Route_2: 0,52,18,7,0
Route_3: 0,46,90,76,0
Profit: 57
Time: 58.4084727

Status: Feasible
BestBound: 99
BestRestart: 0
RestartTime: 2.2710476
Iterations: 10115
IterationsTillBest: 114
TimeOfMath: 1.979
Arguments: mls 100 1
