Dataset_name: 20rat99_T80_p1_v3
Vehicles: 3
Routes
Route_0: 0,6,3,0
Route_1: 0,18,1,0
Route_2: 0,21,20,0
Profit: 30
Time: 86.4033448

Status: Feasible
BestBound: 98
BestRestart: 0
RestartTime: 5.8129778
Iterations: 10000
IterationsTillBest: 0
TimeOfMath: 5.555
Arguments: mls 80 1
