Dataset_name: 212u1060_T60_p1_v4
Vehicles: 4
Routes
Route_0: 0,31,26,46,41,38,51,72,73,67,974,983,985,1014,1015,62,61,1031,1032,1034,1038,1046,1051,1054,1,0
Route_1: 0,130,885,873,867,213,211,207,206,258,261,197,194,190,188,181,171,166,154,143,140,135,126,7,4,0
Route_2: 0,9,11,20,85,87,78,957,949,948,944,942,941,827,826,822,821,834,939,934,931,930,951,17,0
Route_3: 0,3,8,120,881,908,863,219,858,229,234,250,244,243,843,851,919,916,901,896,895,891,97,107,106,0
Profit: 503
Time: 1156.154206

Status: Feasible
BestBound: 1059
BestRestart: 11
RestartTime: 83.7122351
Iterations: 26560
IterationsTillBest: 10659
TimeOfMath: 39.26
Arguments: mls 60 1
