Dataset_name: 217vm1084_T60_p1_v2
Vehicles: 2
Routes
Route_0: 0,250,502,253,459,240,501,653,258,254,252,506,173,523,454,553,439,434,455,600,636,446,863,962,1026,1015,1029,988,1028,701,65,64,578,243,239,979,1041,1067,983,554,537,535,52,559,178,503,89,628,474,46,556,53,124,96,630,309,545,355,1009,263,71,264,58,59,78,0
Route_1: 0,256,580,608,581,373,170,604,615,609,605,105,114,117,482,661,848,866,830,868,332,315,140,26,237,86,141,288,131,40,206,150,496,199,400,360,367,488,760,976,877,638,487,637,596,440,601,467,273,452,464,228,419,295,19,466,94,516,520,35,438,179,175,508,417,0
Profit: 813
Time: 130.9440316

Status: Feasible
BestBound: 1083
BestRestart: 0
RestartTime: 130.9421213
Iterations: 34378
IterationsTillBest: 18117
TimeOfMath: 86.171
Arguments: mls 100 1
