Dataset_name: 217vm1084_T60_p1_v4
Vehicles: 4
Routes
Route_0: 0,250,253,251,653,258,381,652,409,436,923,768,475,821,1080,238,990,384,497,350,577,396,248,103,498,0
Route_1: 0,188,260,35,520,172,460,93,553,570,476,907,1027,1042,594,296,419,470,19,466,94,192,179,175,508,0
Route_2: 0,607,73,72,606,263,694,1009,545,309,45,124,563,310,123,122,55,51,155,558,200,177,628,504,408,77,0
Route_3: 0,256,580,608,603,615,604,609,605,585,106,115,117,482,661,848,866,868,830,212,21,8,226,294,423,494,626,517,599,171,441,447,0
Profit: 632
Time: 59.8110721

Status: Feasible
BestBound: 1083
BestRestart: 0
RestartTime: 59.8058979
Iterations: 18054
IterationsTillBest: 1793
TimeOfMath: 19.683
Arguments: mls 100 1
