Dataset_name: 30kroB150_T80_p1_v2
Vehicles: 2
Routes
Route_0: 0,39,3,142,44,95,47,119,36,60,131,52,0
Route_1: 0,30,133,112,108,144,113,66,78,0
Profit: 113
Time: 162.7732509

Status: Feasible
BestBound: 149
BestRestart: 0
RestartTime: 7.7279153
Iterations: 11416
IterationsTillBest: 1415
TimeOfMath: 7.369
Arguments: mls 80 1
