Dataset_name: 39rat195_T100_p2_v2
Vehicles: 2
Routes
Route_0: 0,1,3,7,23,35,36,49,62,74,99,98,84,71,44,29,15,0
Route_1: 0,53,65,91,131,132,107,108,67,54,13,0
Profit: 6644
Time: 114.2197011

Status: Feasible
BestBound: 9863
BestRestart: 1
RestartTime: 4.5734788
Iterations: 10078
IterationsTillBest: 77
TimeOfMath: 4.079
Arguments: mls 100 2
