Dataset_name: 64lin318_T80_p1_v4
Vehicles: 4
Routes
Route_0: 0,133,126,116,112,107,4,0
Route_1: 0,1,315,44,40,35,0
Route_2: 0,15,37,144,208,7,2,0
Route_3: 0,103,53,63,28,10,0
Profit: 109
Time: 36.1873474

Status: Feasible
BestBound: 317
BestRestart: 1
RestartTime: 1.7567007
Iterations: 10211
IterationsTillBest: 210
TimeOfMath: 0.625
Arguments: mls 80 1
