Dataset_name: 115u574_T80_p2_v2
Vehicles: 2
Routes
Route_0: 0,568,560,559,551,547,543,528,529,531,511,478,479,471,467,456,455,448,417,412,358,359,363,366,376,381,385,390,255,254,250,249,203,204,228,229,218,18,32,10,9,2,0
Route_1: 0,47,49,56,57,59,75,70,68,69,122,100,101,141,145,146,156,152,167,169,288,295,305,307,308,311,317,321,273,276,188,185,184,209,210,213,164,90,28,87,86,85,80,79,45,0
Profit: 24128
Time: 654.2787465

Status: Feasible
BestBound: 28957
BestRestart: 17
RestartTime: 15.4725148
Iterations: 11694
IterationsTillBest: 1693
TimeOfMath: 9.852
Arguments: mls 80 2
