Dataset_name: 212u1060_T60_p1_v4
Vehicles: 4
Routes
Route_0: 0,1056,1051,1046,1038,1034,1032,1031,60,62,1028,1015,1014,985,983,974,67,73,71,53,42,41,46,26,31,1052,0
Route_1: 0,8,123,119,887,881,908,864,222,223,233,254,252,244,243,843,851,921,919,916,901,900,890,94,104,0
Route_2: 0,11,20,85,87,78,957,949,948,944,942,941,827,826,822,821,834,939,934,927,951,897,97,15,0
Route_3: 0,3,6,140,143,154,166,171,181,188,190,194,197,261,258,206,207,211,213,867,877,133,126,7,0
Profit: 504
Time: 1101.7301146

Status: Feasible
BestBound: 1059
BestRestart: 15
RestartTime: 90.3791634
Iterations: 36600
IterationsTillBest: 20699
TimeOfMath: 31.094
Arguments: mls 60 1
