Dataset_name: 217vm1084_T100_p1_v2
Vehicles: 2
Routes
Route_0: 0,462,447,441,171,599,95,44,626,509,438,421,35,598,172,376,460,552,422,419,228,464,452,273,467,613,235,657,406,860,877,638,487,637,596,440,595,636,446,612,594,863,907,476,571,439,553,445,720,1029,988,511,413,68,475,827,414,238,92,90,772,555,562,535,52,558,123,200,503,102,247,578,255,397,173,2,381,254,396,103,63,501,653,251,576,649,395,435,49,88,46,201,154,53,124,96,630,309,545,1009,694,263,606,72,73,59,78,0
Route_1: 0,256,580,368,373,603,615,604,609,605,585,106,115,117,661,804,321,294,423,226,8,21,748,830,868,332,315,140,26,237,341,29,342,339,299,849,684,266,282,525,908,900,871,642,643,284,335,389,278,401,229,425,345,41,84,344,230,205,393,622,290,378,268,359,283,304,745,12,361,271,209,208,291,394,496,150,206,40,131,80,340,99,25,357,495,478,213,146,298,143,189,322,183,19,107,43,451,418,469,175,508,260,250,0
Profit: 1073
Time: 7974.8468698

Status: Feasible
BestBound: 1083
BestRestart: 0
RestartTime: 173.243743
Iterations: 16887
IterationsTillBest: 626
TimeOfMath: 155.428
Arguments: mls 100 1
