Dataset_name: 21eil101_T80_p2_v2
Vehicles: 2
Routes
Route_0: 0,59,83,92,86,1,27,0
Route_1: 0,69,29,78,23,54,75,0
Profit: 4246
Time: 302.8365479

Status: Feasible
BestBound: 5050
BestRestart: 0
RestartTime: 16.7495776
Iterations: 10550
IterationsTillBest: 549
TimeOfMath: 16.451
Arguments: mls 80 2
