Dataset_name: 45tsp225_T80_p1_v2
Vehicles: 2
Routes
Route_0: 0,3,223,198,224,60,64,103,69,52,0
Route_1: 0,2,5,41,74,98,95,96,29,34,35,36,37,9,0
Profit: 123
Time: 118.0492402

Status: Feasible
BestBound: 224
BestRestart: 2
RestartTime: 8.4330152
Iterations: 14944
IterationsTillBest: 4943
TimeOfMath: 7.374
Arguments: mls 80 1
