Dataset_name: 88pr439_T100_p2_v2
Vehicles: 2
Routes
Route_0: 0,1,47,46,81,188,186,224,230,285,289,290,351,347,376,378,388,413,419,405,421,432,429,423,407,396,392,390,380,372,343,342,340,280,281,225,185,82,0
Route_1: 0,56,76,73,145,146,184,189,190,235,266,305,304,300,272,295,335,362,377,386,400,415,428,427,416,403,318,312,257,249,210,199,175,161,162,128,98,100,102,101,68,18,21,24,29,31,32,11,0
Profit: 21767
Time: 840.6270435

Status: Feasible
BestBound: 22177
BestRestart: 3
RestartTime: 50.440015
Iterations: 22915
IterationsTillBest: 12914
TimeOfMath: 46.618
Arguments: mls 100 2
