Dataset_name: 20kroE100_T60_p2_v3
Vehicles: 3
Routes
Route_0: 0,51,0
Route_1: 0,63,61,75,0
Route_2: 0,73,72,46,0
Profit: 2098
Time: 10800.023000001907

Status: 9
Nodes: 174499
BestBound: 2415
BestBoundRoot: 2788
BestBoundRootBeforeCuts: 5008
FinalGap: 0.15109628217349858
Arguments: exact GRB 180 60 2
