Dataset_name: 31pr152_T100_p1_v4
Vehicles: 4
Routes
Route_0: 0,2,0
Route_1: 0,12,4,11,5,0
Route_2: 0,33,47,34,0
Route_3: 0,38,0
Profit: 38
Time: 10800.042999982834

Status: 9
Nodes: 11806
BestBound: 106
BestBoundRoot: 114
BestBoundRootBeforeCuts: 151
FinalGap: 1.7894736842105263
Arguments: exact GRB 180 100 1
