Dataset_name: 46pr226_T60_p2_v3
Vehicles: 3
Routes
Route_0: 0,8,17,19,64,0
Route_1: 0,71,69,110,0
Route_2: 0,72,78,84,70,65,1,0
Profit: 2507
Time: 10800.033999919891

Status: 9
Nodes: 1697
BestBound: 7397
BestBoundRoot: 8432
BestBoundRootBeforeCuts: 11375
FinalGap: 1.950538492221779
Arguments: exact GRB 180 60 2
