Dataset_name: 80rd400_T60_p2_v4
Vehicles: 4
Routes
Route_0: 0,44,236,231,382,262,154,201,303,0
Route_1: 0,65,273,81,369,333,103,111,351,3,0
Route_2: 0,202,359,384,138,227,259,0
Route_3: 0,299,275,68,195,41,297,25,0
Profit: 10297
Time: 10800.105000019073

Status: 9
Nodes: 1
BestBound: 15767
BestBoundRoot: 15767
BestBoundRootBeforeCuts: 20158
FinalGap: 0.5312226862192871
Arguments: exact GRB 180 60 2
