Dataset_name: 115u574_T80_p2_v2
Vehicles: 2
Routes
Route_0: 0,46,45,44,43,42,41,39,38,36,35,34,33,30,29,27,28,90,160,161,162,159,155,152,167,168,169,170,171,286,285,293,294,295,304,305,303,302,301,300,299,308,311,312,313,314,315,316,274,275,276,277,262,261,191,190,192,193,189,194,195,196,197,198,248,200,201,245,244,243,521,522,523,525,526,530,535,536,537,538,539,540,541,543,544,547,546,545,549,550,551,552,553,554,555,556,559,560,561,562,563,564,565,566,567,568,0
Route_1: 0,1,2,3,4,5,6,7,8,9,11,12,13,528,529,531,532,534,533,503,504,502,501,500,499,498,497,496,492,493,494,483,482,481,480,479,478,477,513,476,514,515,516,517,518,246,202,203,204,205,238,236,234,235,227,228,229,217,218,21,22,23,24,25,91,92,93,105,104,103,102,101,100,98,121,120,119,118,117,116,115,114,73,72,74,75,59,58,57,56,54,53,52,51,50,49,48,47,570,571,572,573,0
Profit: 10725
Time: 1332.3842224

Status: Feasible
BestBound: 28957
BestRestart: 15
RestartTime: 100.0960476
Iterations: 26347
IterationsTillBest: 16346
TimeOfMath: 33.045
Arguments: mls 80 2
