Dataset_name: 131p654_T80_p2_v4
Vehicles: 4
Routes
Route_0: 0,548,532,533,549,550,534,521,535,551,552,553,554,555,556,536,557,537,558,538,539,559,109,108,107,111,115,119,123,124,120,116,112,113,117,121,125,129,133,137,141,145,149,153,157,161,165,169,173,177,181,185,189,188,192,193,197,201,200,196,195,199,198,194,190,191,187,186,182,178,174,170,166,162,158,154,150,146,142,138,134,130,131,135,139,143,147,151,155,159,163,167,171,175,179,183,184,180,176,172,168,164,160,156,152,148,144,140,136,132,128,127,126,122,118,114,110,106,504,503,525,502,501,500,524,499,523,498,522,497,496,495,494,493,520,492,491,490,0
Route_1: 0,3,6,5,4,2,1,0
Route_2: 0,100,92,89,85,81,76,80,86,91,95,96,97,98,0
Route_3: 0,101,99,94,87,83,79,78,77,82,84,88,90,93,0
Profit: 8632
Time: 531.3366962

Status: Feasible
BestBound: 32997
BestRestart: 10
RestartTime: 16.1045413
Iterations: 10167
IterationsTillBest: 166
TimeOfMath: 3.529
Arguments: mls 80 2
