Dataset_name: 145u724_T100_p1_v4
Vehicles: 4
Routes
Route_0: 0,13,17,98,90,41,48,40,79,670,682,673,654,612,610,630,154,163,142,173,175,177,182,180,181,559,564,537,269,190,534,535,531,532,538,536,530,546,545,563,553,186,185,552,184,574,558,591,593,589,138,139,156,608,159,157,614,617,660,664,669,683,31,42,94,12,0
Route_1: 0,723,10,720,696,20,23,92,687,688,46,29,30,33,106,116,651,639,638,640,119,120,122,167,166,123,168,169,124,125,171,145,603,583,579,578,575,580,585,586,581,582,606,137,140,151,637,618,659,662,663,678,665,35,32,44,38,28,693,721,0
Route_2: 0,714,1,703,702,697,695,691,690,95,686,102,88,87,101,67,108,65,49,50,58,59,104,60,61,55,57,56,54,52,53,71,72,73,110,109,113,74,76,75,112,111,68,89,100,99,16,699,719,718,707,706,708,7,6,716,715,705,713,704,709,8,9,701,710,711,712,3,2,0
Route_3: 0,722,27,22,689,45,36,671,680,656,657,626,624,632,615,635,161,600,598,594,596,557,551,560,562,561,595,592,597,599,174,183,144,143,172,141,165,164,160,155,631,619,609,622,616,629,613,627,658,655,674,677,667,679,684,80,47,39,91,26,25,11,0
Profit: 253
Time: 3500.3813583

Status: Feasible
BestBound: 723
BestRestart: 1
RestartTime: 338.4214861
Iterations: 52875
IterationsTillBest: 42014
TimeOfMath: 173.204
Arguments: mls 100 1
