Dataset_name: 157rat783_T100_p1_v3
Vehicles: 3
Routes
Route_0: 0,40,45,64,75,94,88,73,76,101,104,107,117,125,120,123,143,153,166,188,190,202,219,227,228,259,262,270,271,297,308,295,296,263,264,279,284,313,328,340,354,393,405,403,412,398,395,378,377,387,384,360,348,333,323,319,307,287,282,281,256,236,225,220,212,200,187,182,172,164,163,156,168,162,142,136,132,119,110,106,99,79,69,44,36,0
Route_1: 0,24,56,66,80,62,38,47,63,70,84,85,67,58,60,49,61,53,41,50,71,91,102,92,68,77,89,103,112,130,131,157,165,173,167,169,176,180,193,198,192,170,134,133,148,141,121,113,108,105,100,78,83,86,74,65,42,37,12,10,3,33,27,23,54,43,26,20,15,25,31,13,21,34,30,19,35,29,18,4,2,9,8,11,17,6,1,0
Route_2: 0,14,55,48,51,87,109,116,122,138,146,154,171,179,185,215,214,234,241,235,238,245,254,276,275,277,272,273,285,298,322,338,345,352,364,370,388,396,406,424,442,437,421,432,425,429,423,419,407,408,392,376,369,344,332,320,302,291,280,268,249,232,224,211,210,208,205,199,197,207,201,203,221,226,194,195,183,161,155,150,135,93,82,57,52,46,22,16,0
Profit: 257
Time: 2328.6395579

Status: Feasible
BestBound: 782
BestRestart: 16
RestartTime: 121.0404409
Iterations: 15185
IterationsTillBest: 3439
TimeOfMath: 68.173
Arguments: mls 100 1
