Dataset_name: 20kroD100_T100_p2_v3
Vehicles: 3
Routes
Route_0: 0,49,93,31,96,97,48,69,88,16,89,10,33,0
Route_1: 0,22,73,60,45,51,7,65,37,80,0
Route_2: 0,12,78,87,40,72,38,90,53,62,14,83,23,26,0
Profit: 1588
Time: 68.812584

Status: Feasible
BestBound: 5008
BestRestart: 0
RestartTime: 2.633104
Iterations: 10222
IterationsTillBest: 221
TimeOfMath: 1.799
Arguments: mls 100 2
