Dataset_name: 20rat99_T80_p1_v3
Vehicles: 3
Routes
Route_0: 0,2,11,21,20,19,10,9,0
Route_1: 0,12,22,14,13,0
Route_2: 0,5,6,4,3,1,0
Profit: 16
Time: 24.0423132

Status: Feasible
BestBound: 98
BestRestart: 8
RestartTime: 1.2106387
Iterations: 10326
IterationsTillBest: 325
TimeOfMath: 0.625
Arguments: mls 80 1
