Dataset_name: 212u1060_T60_p1_v4
Vehicles: 4
Routes
Route_0: 0,8,123,128,119,115,114,112,111,887,883,885,886,878,877,873,872,871,870,868,867,866,214,213,212,211,210,209,205,188,189,187,186,185,184,183,182,181,180,178,177,176,174,175,170,169,171,168,167,166,163,162,161,160,159,158,157,156,155,154,153,152,151,150,149,148,146,147,142,141,143,140,139,138,137,136,6,4,0
Route_1: 0,1059,9,11,12,19,16,17,18,99,86,85,87,91,88,78,77,79,957,958,959,956,949,954,950,951,952,929,930,928,931,932,933,946,945,944,966,967,965,947,948,963,962,961,960,80,76,75,74,50,42,43,44,45,47,46,22,21,25,26,27,28,29,10,1058,0
Route_2: 0,3,7,125,124,127,129,130,120,117,118,116,110,108,109,888,881,880,908,909,910,862,863,219,858,859,856,855,224,225,226,227,228,852,842,843,844,845,846,847,848,849,850,921,920,918,914,913,912,911,907,906,904,905,903,902,900,894,893,890,889,94,95,96,107,106,105,104,122,121,0
Route_3: 0,1052,30,31,32,33,35,34,40,41,39,38,53,69,68,66,990,989,986,987,988,993,994,995,996,998,999,1000,1013,1014,1012,1015,1016,1011,1010,1009,1007,1008,1001,1002,997,1003,1004,1005,1006,1022,1023,1024,1021,1025,1020,1026,1027,1018,1019,1017,65,64,62,61,59,60,58,57,55,56,1032,1031,1034,1033,1038,1039,1040,1041,1043,1042,1049,1050,1053,1054,1055,1056,1057,0
Profit: 292
Time: 6480.0621709

Status: Feasible
BestBound: 1059
BestRestart: 3
RestartTime: 562.5722681
Iterations: 59268
IterationsTillBest: 43367
TimeOfMath: 238.076
Arguments: mls 60 1
