Dataset_name: 21eil101_T80_p2_v2
Vehicles: 2
Routes
Route_0: 0,68,26,100,52,57,39,72,73,21,74,71,20,25,27,0
Route_1: 0,50,8,80,32,78,77,28,23,79,67,2,76,75,49,0
Profit: 1664
Time: 107.9536884

Status: Feasible
BestBound: 5050
BestRestart: 0
RestartTime: 3.8934744
Iterations: 10039
IterationsTillBest: 38
TimeOfMath: 3.175
Arguments: mls 80 2
