Dataset_name: 26bier127_T80_p1_v2
Vehicles: 2
Routes
Route_0: 0,1,50,56,53,43,102,44,47,117,45,48,52,46,54,123,51,4,55,120,49,114,12,119,9,99,63,57,90,60,61,59,115,89,2,10,8,23,22,3,19,16,20,17,76,75,77,79,78,30,26,29,40,13,11,0
Route_1: 0,15,36,35,34,39,42,33,41,38,37,25,24,32,121,27,28,31,116,83,80,74,68,95,108,87,86,85,84,109,70,69,67,72,73,71,7,18,21,107,14,105,5,113,104,6,0
Profit: 99
Time: 320.824957

Status: Feasible
BestBound: 126
BestRestart: 1
RestartTime: 22.3068159
Iterations: 17252
IterationsTillBest: 7251
TimeOfMath: 19.933
Arguments: mls 80 1
