Dataset_name: 29pr144_T80_p2_v2
Vehicles: 2
Routes
Route_0: 0,2,3,4,5,21,22,36,37,38,39,7,6,8,9,10,11,18,19,20,17,16,15,14,41,40,69,68,67,66,65,64,63,62,61,60,23,24,0
Route_1: 0,1,27,28,29,48,49,50,51,52,53,54,55,56,57,82,83,84,85,109,108,107,106,105,104,103,81,80,79,78,59,58,47,46,45,35,34,25,26,0
Profit: 3739
Time: 185.0723026

Status: Feasible
BestBound: 7242
BestRestart: 0
RestartTime: 9.0237355
Iterations: 12254
IterationsTillBest: 2253
TimeOfMath: 7.08
Arguments: mls 80 2
