Dataset_name: 40kroa200_T80_p1_v2
Vehicles: 2
Routes
Route_0: 0,84,144,122,14,78,159,161,63,19,54,41,134,185,126,111,154,182,7,21,133,74,53,186,5,108,106,156,119,46,30,66,176,12,197,26,190,131,110,0
Route_1: 0,39,11,162,92,105,148,18,91,9,174,35,56,73,99,155,32,80,44,196,118,65,152,43,115,187,62,15,117,36,183,28,109,171,45,120,173,158,116,114,52,0
Profit: 78
Time: 248.1773228

Status: Feasible
BestBound: 199
BestRestart: 5
RestartTime: 18.9660607
Iterations: 24448
IterationsTillBest: 14447
TimeOfMath: 11.08
Arguments: mls 80 1
