Dataset_name: 64lin318_T80_p1_v4
Vehicles: 4
Routes
Route_0: 0,4,3,105,106,110,111,114,115,125,126,133,132,134,135,136,33,34,16,0
Route_1: 0,11,15,17,24,25,18,23,26,35,36,41,40,42,45,51,52,57,56,53,50,46,43,103,32,27,22,19,0
Route_2: 0,7,13,127,128,130,129,122,123,124,207,119,12,8,2,0
Route_3: 0,5,6,9,10,20,21,28,315,316,58,104,55,54,49,47,44,48,39,31,30,29,102,14,1,0
Profit: 83
Time: 186.5263114

Status: Feasible
BestBound: 317
BestRestart: 0
RestartTime: 8.0395382
Iterations: 11545
IterationsTillBest: 1544
TimeOfMath: 1.612
Arguments: mls 80 1
