Dataset_name: 89pcb442_T80_p2_v3
Vehicles: 3
Routes
Route_0: 0,33,65,101,440,385,126,136,150,149,161,172,185,405,227,234,239,266,270,273,276,425,279,282,439,281,280,278,275,272,268,265,237,238,233,226,404,399,184,171,160,148,135,125,113,102,0
Route_1: 0,66,103,114,386,388,151,391,137,127,138,139,153,164,176,188,200,213,401,201,189,190,397,177,165,154,140,128,117,106,99,79,78,77,76,43,9,8,7,6,5,4,3,2,1,0
Route_2: 0,35,36,37,38,39,40,41,42,10,11,12,13,14,15,16,17,18,19,20,21,22,23,56,57,58,90,89,88,87,377,86,54,53,85,84,52,51,50,49,48,47,46,45,44,75,74,73,72,71,70,69,68,67,34,0
Profit: 7556
Time: 424.8176039

Status: Feasible
BestBound: 22323
BestRestart: 18
RestartTime: 16.8148435
Iterations: 12663
IterationsTillBest: 2662
TimeOfMath: 3.102
Arguments: mls 80 2
