Dataset_name: 99d493_T100_p2_v3
Vehicles: 3
Routes
Route_0: 0,28,29,30,398,391,384,333,341,344,340,351,370,389,369,368,397,390,381,428,421,422,25,27,0
Route_1: 0,1,3,4,5,6,8,9,10,7,11,18,17,16,15,14,13,12,49,48,47,50,2,0
Route_2: 0,39,38,33,32,23,22,268,265,234,223,209,189,180,174,170,172,169,20,40,34,35,37,36,0
Profit: 3653
Time: 251.1484917

Status: Feasible
BestBound: 24862
BestRestart: 3
RestartTime: 9.9059393
Iterations: 12234
IterationsTillBest: 2233
TimeOfMath: 1.499
Arguments: mls 100 2
