Dataset_name: 115rat575_T100_p1_v2
Vehicles: 2
Routes
Route_0: 0,29,10,34,36,37,61,43,44,66,112,113,110,133,156,181,180,225,226,227,274,297,320,343,365,366,386,381,404,426,449,423,422,421,376,353,328,307,284,261,238,215,192,168,121,98,97,74,73,24,0
Route_1: 0,25,51,54,78,80,103,150,172,220,244,267,290,313,315,338,361,407,430,454,478,480,525,524,545,543,517,540,516,514,512,510,486,485,416,417,393,369,347,348,302,279,255,231,232,186,163,141,117,70,23,0
Profit: 536
Time: 1155.0715724

Status: Feasible
BestBound: 574
BestRestart: 3
RestartTime: 44.6670232
Iterations: 19600
IterationsTillBest: 9599
TimeOfMath: 38.16
Arguments: mls 100 1
