Dataset_name: 11eil51_T60_p2_v2
Vehicles: 2
Routes
Route_0: 0,26,47,7,0
Route_1: 0,37,1,0
Profit: 1466
Time: 103.868579

Status: Feasible
BestBound: 2575
BestRestart: 0
RestartTime: 5.7087862
Iterations: 10001
IterationsTillBest: 0
TimeOfMath: 5.539
Arguments: mls 60 2
