Dataset_name: 157rat783_T100_p1_v3
Vehicles: 3
Routes
Route_0: 0,114,174,195,226,247,273,316,326,334,370,391,432,472,494,514,528,534,555,590,621,620,618,611,610,593,533,505,483,481,457,422,400,389,342,288,241,235,185,122,109,51,0
Route_1: 0,17,32,38,35,30,49,61,53,68,43,27,33,42,37,83,118,157,165,180,193,237,246,263,296,313,328,366,393,398,368,333,319,307,282,281,286,225,212,196,187,172,137,111,94,64,16,0
Route_2: 0,106,151,197,216,268,302,321,329,347,363,372,402,439,474,487,501,508,545,549,594,591,603,588,570,542,493,463,440,416,418,407,376,346,315,267,242,161,56,0
Profit: 629
Time: 1195.3053189

Status: Feasible
BestBound: 782
BestRestart: 5
RestartTime: 85.0202704
Iterations: 30016
IterationsTillBest: 18270
TimeOfMath: 59.881
Arguments: mls 100 1
