Dataset_name: 201pr1002_T100_p2_v3
Vehicles: 3
Routes
Route_0: 0,138,142,143,150,152,164,166,171,172,178,179,182,201,200,205,208,217,235,236,241,250,249,245,264,227,225,496,491,485,486,510,509,529,531,535,536,544,546,563,569,579,580,585,584,449,454,455,464,466,275,278,113,111,107,89,74,0
Route_1: 0,75,133,99,123,122,121,256,272,470,471,476,573,591,553,823,818,817,816,835,837,851,852,850,894,893,892,888,885,902,904,910,781,785,787,792,794,603,604,608,629,435,412,415,406,402,287,296,306,83,79,0
Route_2: 0,72,54,52,50,312,318,319,321,291,400,381,376,375,373,624,615,730,733,743,742,763,769,957,937,939,953,951,964,965,967,700,697,689,688,686,672,671,667,722,728,619,650,651,653,363,358,359,390,338,334,331,28,30,24,22,11,69,0
Profit: 46843
Time: 13621.1893556

Status: Feasible
BestBound: 50583
BestRestart: 14
RestartTime: 621.8154535
Iterations: 41643
IterationsTillBest: 26612
TimeOfMath: 576.36
Arguments: mls 100 2
