Dataset_name: 20kroD100_T100_p2_v3
Vehicles: 3
Routes
Route_0: 0,75,0
Route_1: 0,14,62,53,26,0
Route_2: 0,33,7,73,10,89,16,0
Profit: 2739
Time: 23.0869919

Status: Feasible
BestBound: 5008
BestRestart: 0
RestartTime: 1.3916984
Iterations: 10053
IterationsTillBest: 52
TimeOfMath: 1.186
Arguments: mls 100 2
