Dataset_name: 217vm1084_T100_p1_v2
Vehicles: 2
Routes
Route_0: 0,188,260,508,375,583,171,599,517,626,494,184,294,226,432,471,418,509,438,421,35,598,172,460,552,422,419,228,464,452,273,467,613,235,657,406,860,877,638,487,637,596,440,595,636,446,612,594,863,907,434,439,1026,1015,437,551,511,413,923,988,1028,701,65,64,414,238,92,90,772,554,537,535,52,559,123,200,178,503,514,497,412,577,396,248,103,498,592,504,88,46,201,154,53,124,96,395,48,311,532,1009,694,263,606,72,73,59,78,0
Route_1: 0,256,580,368,373,603,348,170,604,609,605,585,106,115,117,482,661,848,835,326,21,830,868,332,315,140,26,338,342,339,299,849,684,266,282,525,908,900,871,642,643,284,335,389,278,401,229,425,345,41,84,344,10,205,393,622,324,378,268,359,283,304,745,12,361,271,209,208,181,394,496,150,206,40,131,80,340,99,25,357,495,424,478,213,146,298,143,189,404,295,19,107,43,376,173,506,381,258,653,251,241,77,499,0
Profit: 1074
Time: 14431.7385027

Status: Feasible
BestBound: 1083
BestRestart: 0
RestartTime: 540.9012572
Iterations: 20401
IterationsTillBest: 4140
TimeOfMath: 514.915
Arguments: mls 100 1
