Dataset_name: 60pr299_T80_p2_v3
Vehicles: 3
Routes
Route_0: 0,289,296,214,213,154,146,0
Route_1: 0,2,140,96,95,94,79,78,14,12,6,1,0
Route_2: 0,142,158,207,222,220,215,156,0
Profit: 5778
Time: 68.1338745

Status: Feasible
BestBound: 15107
BestRestart: 0
RestartTime: 2.5269538
Iterations: 10383
IterationsTillBest: 382
TimeOfMath: 1.418
Arguments: mls 80 2
