Dataset_name: 84fl417_T100_p1_v2
Vehicles: 2
Routes
Route_0: 0,349,350,351,356,337,338,156,158,170,172,35,40,42,49,51,54,56,75,98,91,74,78,73,95,94,86,89,68,55,39,34,340,341,345,346,331,130,142,144,22,29,14,16,11,12,6,0
Route_1: 0,7,24,48,50,291,289,252,250,398,416,414,410,409,245,241,211,61,57,41,30,17,0
Profit: 371
Time: 1269.5734123

Status: Feasible
BestBound: 416
BestRestart: 3
RestartTime: 59.1556456
Iterations: 15148
IterationsTillBest: 5147
TimeOfMath: 56.995
Arguments: mls 100 1
