Dataset_name: 88pr439_T100_p2_v2
Vehicles: 2
Routes
Route_0: 0,45,38,56,76,73,145,146,184,189,190,235,266,305,304,300,272,295,336,363,367,386,400,415,428,427,416,403,318,312,257,249,210,199,175,161,162,128,98,100,102,101,68,18,21,24,29,31,32,11,0
Route_1: 0,47,81,188,231,285,289,290,351,347,376,378,389,390,380,381,392,397,406,412,410,407,433,434,438,282,283,341,340,281,280,186,148,82,0
Profit: 21773
Time: 2818.8883946

Status: Feasible
BestBound: 22177
BestRestart: 9
RestartTime: 272.8303704
Iterations: 37941
IterationsTillBest: 27940
TimeOfMath: 265.559
Arguments: mls 100 2
