Dataset_name: 89pcb442_T80_p2_v3
Vehicles: 3
Routes
Route_0: 0,1,42,44,47,48,51,52,86,90,91,100,110,120,387,107,106,105,0
Route_1: 0,126,136,173,406,242,243,285,310,283,276,272,268,233,399,184,148,113,33,0
Route_2: 0,391,174,211,221,230,250,251,232,224,190,177,164,163,138,68,0
Profit: 13816
Time: 481.9354454

Status: Feasible
BestBound: 22323
BestRestart: 12
RestartTime: 29.2148127
Iterations: 20640
IterationsTillBest: 10639
TimeOfMath: 23.772
Arguments: mls 80 2
