Dataset_name: 115rat575_T100_p1_v2
Vehicles: 2
Routes
Route_0: 0,47,48,71,72,50,73,96,97,74,75,76,78,79,80,103,104,128,127,150,149,148,171,168,167,144,166,165,164,188,211,212,235,236,237,238,239,240,217,196,220,197,198,199,223,201,202,178,179,156,155,154,132,131,130,107,106,84,83,82,59,60,61,62,63,64,86,87,88,89,67,66,43,44,20,19,42,18,41,40,39,15,14,13,11,12,33,10,9,8,7,6,5,4,3,2,0
Route_1: 0,24,25,26,27,28,51,52,30,31,32,34,35,58,57,56,55,54,53,77,99,100,101,102,125,124,146,145,169,170,193,194,218,219,242,243,266,267,268,291,290,313,314,293,294,317,319,318,342,341,364,363,362,385,409,386,408,407,406,405,404,403,402,379,378,355,356,333,334,311,310,309,308,284,283,305,282,281,258,257,234,233,232,209,208,185,186,187,163,162,161,139,140,117,94,93,92,69,46,23,0
Profit: 194
Time: 1504.4275967

Status: Feasible
BestBound: 574
BestRestart: 4
RestartTime: 51.9713177
Iterations: 15975
IterationsTillBest: 5974
TimeOfMath: 15.807
Arguments: mls 100 1
