Dataset_name: 201pr1002_T100_p2_v3
Vehicles: 3
Routes
Route_0: 0,70,71,66,65,63,61,32,33,34,36,313,314,315,318,317,319,321,320,294,295,289,288,401,406,405,404,420,421,423,424,425,418,419,417,416,415,413,412,436,435,434,996,430,431,432,433,445,446,444,443,442,441,439,437,438,440,631,630,629,628,627,625,613,614,615,616,617,618,619,623,622,620,621,648,649,650,654,655,656,657,653,652,651,646,645,644,638,637,373,374,375,371,370,369,368,377,367,385,386,392,388,389,391,393,394,383,400,291,290,292,293,322,323,324,325,329,328,327,333,332,331,27,26,28,29,30,24,23,22,21,16,15,12,13,9,8,6,0
Route_1: 0,74,76,89,91,92,93,94,133,132,99,100,101,102,103,123,122,121,256,257,258,259,268,267,266,228,227,226,225,496,495,494,490,489,485,486,512,511,510,523,528,527,526,525,524,521,520,516,519,517,518,563,564,565,567,568,569,570,571,572,573,590,591,558,559,560,561,548,549,550,551,552,553,554,555,556,592,593,594,595,596,589,588,575,574,577,576,580,581,582,583,584,448,449,450,451,452,454,455,456,429,428,427,460,461,462,463,276,277,278,279,280,281,282,298,299,297,296,990,304,305,306,307,308,309,310,311,44,43,42,41,40,49,57,56,54,55,72,0
Route_2: 0,75,135,134,136,137,138,139,140,141,151,150,152,153,154,155,163,162,161,157,159,160,171,170,169,172,173,174,177,178,179,180,181,195,201,200,199,198,197,196,193,187,188,191,189,190,217,218,216,211,212,215,214,213,219,220,233,234,235,236,237,239,240,241,242,243,244,245,262,263,264,265,261,246,247,248,249,251,994,149,148,143,147,145,144,130,129,128,127,126,124,104,105,117,118,116,115,114,113,302,301,303,112,110,109,107,106,98,96,95,97,90,86,88,87,81,80,51,52,50,39,37,38,59,60,64,58,67,68,69,0
Profit: 21090
Time: 13652.4121319

Status: Feasible
BestBound: 50583
BestRestart: 12
RestartTime: 397.4460673
Iterations: 28381
IterationsTillBest: 13350
TimeOfMath: 202.678
Arguments: mls 100 2
