Dataset_name: 20kroE100_T60_p2_v3
Vehicles: 3
Routes
Route_0: 0,73,20,97,58,35,94,31,11,75,0
Route_1: 0,68,46,15,72,82,0
Route_2: 0,87,34,39,62,57,6,0
Profit: 971
Time: 58.2118084

Status: Feasible
BestBound: 5008
BestRestart: 0
RestartTime: 1.40603
Iterations: 10592
IterationsTillBest: 591
TimeOfMath: 0.75
Arguments: mls 60 2
