Dataset_name: 22pr107_T80_p2_v2
Vehicles: 2
Routes
Route_0: 0,2,3,7,10,12,14,18,20,24,26,30,32,33,27,21,17,8,6,4,1,5,0
Route_1: 0,9,13,16,19,22,25,28,35,36,39,38,41,40,37,34,31,29,23,15,11,0
Profit: 2123
Time: 53.0191503

Status: Feasible
BestBound: 5363
BestRestart: 0
RestartTime: 2.0515276
Iterations: 10195
IterationsTillBest: 194
TimeOfMath: 1.296
Arguments: mls 80 2
