Dataset_name: 40krob200_T100_p2_v3
Vehicles: 3
Routes
Route_0: 0,89,107,151,37,19,79,126,123,64,187,78,112,178,80,55,99,25,68,149,100,74,29,180,133,48,85,137,165,20,94,0
Route_1: 0,122,67,110,189,116,39,38,197,69,148,169,52,72,84,121,92,10,157,27,128,90,96,98,7,28,135,58,174,166,31,97,0
Route_2: 0,145,45,24,8,33,6,83,57,195,185,59,164,73,113,167,132,65,144,198,130,177,93,179,175,26,70,160,11,173,0
Profit: 4657
Time: 299.6867064

Status: Feasible
BestBound: 10058
BestRestart: 10
RestartTime: 14.1070182
Iterations: 18402
IterationsTillBest: 8401
TimeOfMath: 8.675
Arguments: mls 100 2
