Dataset_name: 45ts225_T80_p1_v4
Vehicles: 4
Routes
Route_0: 0,133,134,31,32,33,34,35,36,132,0
Route_1: 0,125,126,127,128,129,25,150,151,152,153,154,50,51,52,27,26,0
Route_2: 0,130,131,136,135,12,11,10,9,8,7,6,5,4,3,2,1,0
Route_3: 0,28,159,158,157,156,155,30,29,0
Profit: 49
Time: 107.6807857

Status: Feasible
BestBound: 224
BestRestart: 0
RestartTime: 9.483268
Iterations: 20184
IterationsTillBest: 10183
TimeOfMath: 3.243
Arguments: mls 80 1
