Dataset_name: 53pr264_T80_p1_v3
Vehicles: 3
Routes
Route_0: 0,40,41,42,43,44,45,48,47,46,51,50,49,55,52,53,54,126,125,127,124,123,122,121,57,56,58,118,119,120,59,60,39,0
Route_1: 0,33,32,27,26,25,22,21,20,15,16,13,14,9,10,7,8,3,4,5,81,82,85,86,90,91,78,77,11,12,17,18,23,24,29,28,31,34,38,0
Route_2: 0,36,61,62,115,116,117,112,113,110,111,106,107,105,104,101,100,98,99,94,95,96,75,76,73,74,97,102,71,72,19,69,70,103,108,67,68,65,66,109,114,63,64,30,35,37,0
Profit: 115
Time: 331.6706974

Status: Feasible
BestBound: 263
BestRestart: 7
RestartTime: 30.9408159
Iterations: 29900
IterationsTillBest: 19899
TimeOfMath: 15.952
Arguments: mls 80 1
