Dataset_name: 60pr299_T80_p2_v3
Vehicles: 3
Routes
Route_0: 0,144,153,154,155,213,214,291,292,294,293,296,295,297,149,150,151,152,147,146,148,0
Route_1: 0,3,91,88,90,85,93,95,94,97,98,83,19,17,18,16,15,84,89,87,13,12,11,10,9,8,7,6,4,5,1,2,0
Route_2: 0,92,142,141,140,139,160,159,210,209,207,219,208,221,211,212,157,143,0
Profit: 3450
Time: 191.655966

Status: Feasible
BestBound: 15107
BestRestart: 13
RestartTime: 10.2556608
Iterations: 16802
IterationsTillBest: 6801
TimeOfMath: 3.514
Arguments: mls 80 2
