Dataset_name: 80rd400_T60_p2_v4
Vehicles: 4
Routes
Route_0: 0,202,357,107,95,178,225,227,79,280,211,72,381,264,121,1,138,384,91,0
Route_1: 0,55,272,299,396,319,67,46,122,205,252,47,123,395,100,349,112,250,310,129,157,306,156,338,274,0
Route_2: 0,3,168,255,44,160,33,285,257,236,120,374,37,238,54,167,108,39,245,351,289,0
Route_3: 0,8,303,114,221,246,119,128,25,327,166,116,185,16,66,204,233,356,210,154,201,284,294,38,200,0
Profit: 4957
Time: 469.3553255

Status: Feasible
BestBound: 20158
BestRestart: 11
RestartTime: 16.3541404
Iterations: 12128
IterationsTillBest: 2127
TimeOfMath: 3.988
Arguments: mls 60 2
