Dataset_name: 84fl417_T100_p1_v2
Vehicles: 2
Routes
Route_0: 0,7,23,31,45,48,51,56,251,275,253,277,255,279,257,281,259,283,261,285,263,287,265,289,267,291,269,293,271,295,272,296,294,270,292,268,290,266,288,264,286,262,284,260,282,258,280,256,278,254,276,252,274,250,273,249,378,377,398,376,375,397,374,386,396,416,415,414,385,373,384,413,412,411,372,395,371,370,394,410,409,383,369,393,408,368,100,98,97,99,91,80,67,70,60,74,79,85,78,84,73,69,66,62,46,43,30,17,9,0
Route_1: 0,308,309,323,310,311,312,324,313,325,326,314,315,316,317,318,153,177,155,179,157,181,159,183,161,185,163,187,165,189,167,191,169,193,171,195,173,197,175,199,200,176,198,174,196,172,194,170,192,168,190,166,188,164,186,162,184,160,182,158,180,156,178,154,338,337,336,356,355,354,353,352,351,335,334,350,349,333,348,21,24,18,25,15,20,27,19,12,11,16,26,38,41,44,52,55,39,34,32,329,328,341,340,327,339,297,298,319,299,300,301,342,343,344,320,302,321,345,346,347,330,322,303,331,304,305,332,306,307,105,107,129,106,130,108,132,110,131,109,133,111,113,135,112,134,136,114,138,116,137,115,139,117,118,140,142,120,141,119,143,121,145,122,144,146,124,148,126,147,123,125,149,127,151,128,150,152,22,28,29,13,14,10,8,2,3,1,5,4,6,0
Profit: 297
Time: 17423.6389577

Status: Feasible
BestBound: 416
BestRestart: 2
RestartTime: 4258.53362
Iterations: 38486
IterationsTillBest: 28485
TimeOfMath: 4216.762
Arguments: mls 100 1
