Dataset_name: 88pr439_T100_p2_v2
Vehicles: 2
Routes
Route_0: 0,45,44,42,40,39,41,38,37,56,57,77,85,86,76,75,74,62,72,73,108,107,106,105,104,103,102,114,116,119,121,120,118,117,115,138,139,140,141,151,142,150,152,153,154,155,156,157,158,159,160,174,175,176,177,178,179,180,181,182,191,192,193,194,195,196,216,217,218,219,220,221,233,234,235,236,237,238,239,240,241,242,243,244,212,213,214,215,197,198,199,200,201,202,204,203,173,172,171,170,169,167,168,165,166,164,163,162,161,133,134,135,136,123,122,124,125,126,128,129,127,98,97,95,94,99,93,92,91,101,90,89,88,70,69,68,67,66,65,23,21,20,22,24,25,26,27,28,29,30,31,32,16,15,14,13,12,11,10,9,8,7,6,5,4,3,0
Route_1: 0,51,50,49,47,54,53,52,187,224,230,231,279,284,285,286,346,344,345,347,348,349,350,352,351,353,354,355,357,356,358,369,359,360,361,362,363,368,367,366,365,364,333,332,299,298,297,296,295,336,337,338,293,294,278,277,276,275,274,273,272,300,301,302,303,329,330,328,327,326,325,324,323,322,321,320,319,318,317,316,314,315,253,254,251,252,208,250,249,248,247,255,256,257,313,312,311,259,260,261,262,309,308,307,306,263,264,265,266,267,268,269,270,271,232,222,223,189,184,144,147,146,145,111,110,109,60,59,58,33,34,35,36,78,79,80,81,55,46,48,1,2,0
Profit: 15865
Time: 2856.8408523

Status: Feasible
BestBound: 22177
BestRestart: 10
RestartTime: 244.1872663
Iterations: 25178
IterationsTillBest: 15177
TimeOfMath: 211.859
Arguments: mls 100 2
