Dataset_name: 212u1060_T60_p1_v4
Vehicles: 4
Routes
Route_0: 0,0
Route_1: 0,0
Route_2: 0,0
Route_3: 0,0
Profit: 0
Time: 1138.113916

Status: Optimal
Nodes: 37848
BestBound: 34
BestBoundRoot: 46.999177981889346
BestBoundRootBeforeCuts: 53.223728356220676
FinalGap: 0
Arguments: exact CPX 180 60 1
