Dataset_name: 21lin105_T100_p1_v3
Vehicles: 3
Routes
Route_0: 0,4,2,0
Route_1: 0,15,13,1,0
Route_2: 0,22,103,35,9,0
Profit: 41
Time: 10800.0292852

Status: Feasible
Nodes: 20294
BestBound: 89.82103376841445
BestBoundRoot: 93.2978056761366
BestBoundRootBeforeCuts: 96.77662570370535
FinalGap: 1.1907569211779359
Arguments: exact CPX 180 100 1
