Dataset_name: 28pr136_T60_p1_v4
Vehicles: 4
Routes
Route_0: 0,7,0
Route_1: 0,16,4,0
Route_2: 0,26,37,0
Route_3: 0,41,0
Profit: 32
Time: 10800.0855256

Status: Feasible
Nodes: 41409
BestBound: 48.15182081923418
BestBoundRoot: 57.53449548010387
BestBoundRootBeforeCuts: 72.68410021660232
FinalGap: 0.5047444005994908
Arguments: exact CPX 180 60 1
