Dataset_name: 31pr152_T100_p1_v4
Vehicles: 4
Routes
Route_0: 0,0
Route_1: 0,0
Route_2: 0,0
Route_3: 0,0
Profit: 0
Time: 10800.0292852

Status: Feasible
Nodes: 20294
BestBound: 89.82103376841445
BestBoundRoot: 115.53914672360105
BestBoundRootBeforeCuts: 131.21034741406095
FinalGap: 1.1907569211779359
Arguments: exact CPX 180 100 1
