Dataset_name: 40krob200_T100_p2_v3
Vehicles: 3
Routes
Route_0: 0,103,170,190,53,114,89,0
Route_1: 0,122,31,67,188,169,84,10,0
Route_2: 0,173,11,70,60,93,167,73,45,0
Profit: 5048
Time: 10800.1030309

Status: Feasible
Nodes: 1002
BestBound: 10058
BestBoundRoot: 10058
BestBoundRootBeforeCuts: 10058
FinalGap: 0.9924722662440374
Arguments: exact CPX 180 100 2
