Dataset_name: 40kroa200_T80_p1_v2
Vehicles: 2
Routes
Route_0: 0,39,162,100,107,68,58,88,163,67,157,192,52,0
Route_1: 0,108,106,119,66,144,98,0
Profit: 94
Time: 10800.0427744

Status: Feasible
Nodes: 1603
BestBound: 189.6587662913491
BestBoundRoot: 194.91685184471646
BestBoundRootBeforeCuts: 197.5508624958643
FinalGap: 1.0176464499068867
Arguments: exact CPX 180 80 1
