Dataset_name: 45tsp225_T80_p1_v2
Vehicles: 2
Routes
Route_0: 0,7,38,30,218,216,35,12,15,4,0
Route_1: 0,194,45,44,51,55,64,63,2,197,0
Profit: 94
Time: 10800.1792889

Status: Feasible
Nodes: 1564
BestBound: 199.29250696804294
BestBoundRoot: 211.6213312331762
BestBoundRootBeforeCuts: 221.13253911654024
FinalGap: 1.120133052850329
Arguments: exact CPX 180 80 1
