Dataset_name: 56a280_T60_p1_v4
Vehicles: 4
Routes
Route_0: 0,238,241,0
Route_1: 0,249,1,0
Route_2: 0,258,248,2,0
Route_3: 0,275,4,0
Profit: 39
Time: 10800.4157876

Status: Feasible
Nodes: 1008
BestBound: 125.40518512536117
BestBoundRoot: 126.36166906079761
BestBoundRootBeforeCuts: 142.49737703192645
FinalGap: 2.2155175673112724
Arguments: exact CPX 180 60 1
