Dataset_name: 84fl417_T100_p1_v2
Vehicles: 2
Routes
Route_0: 0,119,0
Route_1: 0,332,0
Profit: 24
Time: 10800.9565532

Status: Feasible
Nodes: 0
BestBound: 416
BestBoundRoot: 115.53914672360105
BestBoundRootBeforeCuts: 131.21034741406095
FinalGap: 4160000000000
Arguments: exact CPX 180 100 1
