Dataset_name: 115rat575_T100_p1_v2
Vehicles: 2
Routes
Route_0: 0,29,10,33,12,36,37,64,65,43,44,66,113,110,133,156,181,180,225,271,272,295,319,343,365,389,410,430,450,448,423,422,421,399,400,353,328,307,284,261,238,215,192,169,145,122,97,74,73,47,24,0
Route_1: 0,93,117,141,163,186,232,231,255,279,302,348,347,369,393,417,416,485,486,510,512,514,516,540,517,543,545,524,525,480,478,454,407,383,359,337,313,290,267,244,220,172,150,103,80,78,54,51,25,0
Profit: 533
Time: 551.1606864

Status: Feasible
BestBound: 574
BestRestart: 13
RestartTime: 47.1845428
Iterations: 36544
IterationsTillBest: 26543
TimeOfMath: 33.017
Arguments: mls 100 1
