Dataset_name: 145u724_T100_p1_v4
Vehicles: 4
Routes
Route_0: 0,13,98,48,670,673,612,162,178,179,533,202,237,233,240,537,561,599,165,661,31,22,0
Route_1: 0,12,47,679,653,157,600,594,545,530,204,206,255,187,573,570,581,582,152,624,668,0
Route_2: 0,92,46,33,106,651,639,148,145,602,282,277,566,543,571,580,133,634,663,665,35,38,28,722,0
Route_3: 0,2,711,710,709,700,699,16,84,62,69,648,170,131,118,104,59,51,108,87,88,93,691,692,720,723,0
Profit: 437
Time: 651.0520168

Status: Feasible
BestBound: 723
BestRestart: 1
RestartTime: 36.2483695
Iterations: 18816
IterationsTillBest: 7955
TimeOfMath: 16.215
Arguments: mls 100 1
