Dataset_name: 157rat783_T100_p1_v3
Vehicles: 3
Routes
Route_0: 0,16,32,38,47,70,98,123,128,129,102,68,43,27,33,42,37,83,108,148,169,180,193,237,264,313,328,366,393,398,368,330,308,297,271,240,219,227,236,208,181,156,162,136,93,45,22,0
Route_1: 0,56,99,155,239,258,291,310,325,347,363,372,402,439,474,487,501,508,545,549,594,591,603,588,570,542,493,463,440,416,409,408,376,349,324,290,266,226,195,114,0
Route_2: 0,51,122,185,235,269,312,355,386,389,422,457,465,516,560,611,633,659,674,656,621,608,590,555,534,528,514,494,472,432,391,370,334,316,277,230,159,96,0
Profit: 625
Time: 722.8421909

Status: Feasible
BestBound: 782
BestRestart: 4
RestartTime: 43.2399538
Iterations: 27377
IterationsTillBest: 15631
TimeOfMath: 21.025
Arguments: mls 100 1
