Dataset_name: 56a280_T60_p1_v4
Vehicles: 4
Routes
Route_0: 0,1,238,241,0
Route_1: 0,4,9,10,0
Route_2: 0,249,248,276,0
Route_3: 0,273,259,2,0
Profit: 51
Time: 95.0921123

Status: Feasible
BestBound: 279
BestRestart: 0
RestartTime: 4.6446165
Iterations: 10033
IterationsTillBest: 32
TimeOfMath: 3.734
Arguments: mls 60 1
