Dataset_name: 84fl417_T100_p1_v2
Vehicles: 2
Routes
Route_0: 0,349,350,351,356,337,338,156,160,172,194,37,40,42,49,51,54,56,75,98,91,74,78,73,95,94,86,89,68,58,55,39,34,340,341,345,346,331,130,142,144,22,29,14,16,11,12,6,9,0
Route_1: 0,30,41,57,61,211,241,245,409,410,414,416,398,250,252,289,291,50,48,24,7,0
Profit: 371
Time: 452.091551

Status: Feasible
BestBound: 416
BestRestart: 7
RestartTime: 18.7837855
Iterations: 11455
IterationsTillBest: 1454
TimeOfMath: 17.027
Arguments: mls 100 1
