Dataset_name: 45tsp225_T80_p1_v2
Vehicles: 2
Routes
Route_0: 0,2,3,45,44,132,224,60,64,105,67,53,0
Route_1: 0,18,19,15,12,35,32,29,216,215,38,8,4,0
Profit: 122
Time: 10800.038000106812

Status: 9
BestBound: 191
BestBoundRoot: 201
BestBoundRootBeforeCuts: 224
FinalGap: 0.5655737704918032
Arguments: exact GRB 180 80 1
