Dataset_name: 84fl417_T100_p1_v2
Vehicles: 2
Routes
Route_0: 0,7,335,349,324,354,314,318,179,172,192,185,37,33,48,50,56,54,51,49,42,40,16,27,2,14,303,340,22,29,6,0
Route_1: 0,15,30,31,41,55,61,68,72,88,104,103,409,394,413,398,378,87,96,73,79,98,70,58,57,43,0
Profit: 204
Time: 10800.145999908447

Status: 9
BestBound: 416
BestBoundRoot: 416
BestBoundRootBeforeCuts: 416
FinalGap: 1.0392156862745099
Arguments: exact GRB 180 100 1
