Dataset_name: 11berlin52_T60_p1_v2
Vehicles: 2
Routes
Route_0: 0,22,41,30,21,0
Route_1: 0,40,44,0
Profit: 40
Time: 57.3168859

Status: Optimal
Nodes: 2145
BestBound: 40
BestBoundRoot: 44.641866106505134
BestBoundRootBeforeCuts: 46.21917967517462
FinalGap: 0
Arguments: exact CPX 1 60 1
